4
4
5
2
2
2
5
2
2
12
9
1
2
2
2
41
2
1
3
1
2
9
1
17
3
11
2
96
2
3
3
8
2
3
3
3
2
11
2
33
5
4
4
4
7
3
3
3
3
3
3
3
3
3
3
2
2
1
2
3
3
1
1
1
71
2
26
9
1
3
3
1
3
3
2
6
2
3
100
2
3
3
2
1
84
3
2
3
3
3
153
3
2
8
2
1
2
3
24
3
2
20
3
1
9
3
8
195
16
3
3
1
13
3
3
3
3
8
15
4
4
4
4
54
7
29
3
1
4
3
4
8
23
4
2
3
1
3
2
3
12
3
3
3
1
2
3
3
1
28
1
2
1
2
1
1
2
2
79
3
3
2
1
11
2
3
13
2
3
3
3
8
6
2
3
1
2
2
9
3
3
3
2
9
1
3
1
2
1
3
3
1
21
2
1
2
2
1
2
1
1
1
20
1
77
1
1
1
1
1
1
1
62
1
14
1
1
1
1
1
4
1
8
3
23
1
1
3
8
21
1
1
4
1
1
206
1
1
5
1
8
8
1
2
3
3
2
3
2
3
11
2
21
1
3
78
8
3
57
3
3
49
2
2
8
17
3
43
1
3
19
9
3
3
3
3
3
3
3
14
3
14
21
3
3
2
2
10
29
2
3
11
1
6
21
3
3
3
3
3
1
1
3
1
41
3
2
3
3
3
3
3
2
3
10
4
3
3
2
3
2
3
3
3
3
9
2
13
3
3
3
2
3
3
2
3
3
3
2
1
3
3
8
2
1
1
3
2
2
11
2
3
6
3
398
3
1
3
1
3
2
11
1
3
3
3
58
1
3
3
3
1
107
8
3
1
3
3
23
20
2
3
1
3
3
3
3
2
13
3
3
3
3
3
3
3
124
6
1
2
23
2
18
30
3
3
6
3
2
3
3
3
2
13
21
3
1
12
3
7
4
4867762
4
4
11
9
3
2
56
3
2
9
3
2
2
3
3
1
3
3
3
3
3
3
165
4
2
3
3
3
8
2
3
87
3
27
1
3
6
3
1
3
3
3
3
3
3
3
3
3
16
3
47
2
53
2
14
6
3
11
3
1
3
3
3
3
3
3
3
3
36
3
6
3
3
2
26
3
3
13
2
2
3
3
10
2
3
2
2
3
9
7
1
2
3
1
6
6
3
2
1
2
13
2
1
1
1
10
1
9
1
1
13
1
1
1
50
6
6
24
88
1
1
1
1
1
4
1
1
1
1
7
18
5
1
1
1
1
1
6
1
1
1
1
1
21
1
1
3
3
3
2
2
3
3
2
4
2
4
6
4
3
3
4
6
10
3
8
10
4
70
19
3
46
1
18
4
4
4
12
19
4
2
4
3
3
9
6
3
8
4
4
4
4
6
4
3
21
3
2
1
6
2
1
3
2
3
4
3
2
84
11
3
3
3
1
8
11
4
4
2
21
57
3
4
4
41
3
2
2
4
3
3
6
1
3
3
109
4
4
28
4
2
4
3
9
7
1
7
147
1089
2
2
1
9
4
1
2
2
3
3
1
4
13
8
1
3
3
6
4
3
3
3
4
8
3
2
3
3
211
11
2
5
16
2
4
4
3
3
3
4
28
22
1
4
3
4
1
11
3
6
2
4
5
1
9
3
3
3
