0.0
0.0
0.0
0.25
0.0
0.0
0.0
0.0
0.0
0.3333333333333333
0.0
0.0
0.0
0.0
0.0
0.0
0.0
0.0
0.3773584905660377
0.375
0.3333333333333333
0.0
0.28571428571428575
0.2857142857142858
0.28571428571428575
0.0
0.16666666666666669
0.0
0.25000000000000006
0.0
0.0
0.3783783783783784
0.0
0.3232570806100218
0.3636363636363636
0.37931034482758613
0.0
0.0
0.0
0.0
0.3333333333333333
0.0
0.0
0.33333333333333337
0.25
0.0
0.25000000000000006
0.0
0.0
0.3647693452380954
0.0
0.3571428571428571
0.0
0.0
0.34124233537723275
0.16666666666666669
0.0
0.0
0.0
0.0
0.0
0.0
0.33333333333333337
0.0
0.0
0.0
0.0
0.37878787878787873
0.36988936988936977
0.0
0.2
0.0
0.0
0.37333333333333335
0.25
0.0
0.0
0.0
0.37484335839599
0.0
0.0
0.0
0.37500000000000006
0.0
0.375
0.0
0.0
0.3333333333333333
0.3790953260491226
0.0
0.3333333333333333
0.0
0.33333333333333337
0.0
0.3358333333333334
0.29166666666666663
0.25
0.3636363636363636
0.3333333333333333
0.28571428571428575
0.0
0.375
0.33333333333333337
0.0
0.0
0.375
0.0
0.0
0.37500000000000006
0.0
0.0
0.0
0.0
0.33333333333333337
0.0
0.0
0.0
0.0
0.0
0.33333333333333337
0.0
0.0
0.31250000000000006
0.0
0.0
0.25000000000000006
0.0
0.3333333333333333
0.0
0.0
0.0
0.37053571428571425
0.2
0.0
0.3333333333333333
0.0
0.0
0.28125
0.0
0.0
0.0
0.0
0.0
0.0
0.0
0.0
0.37500000000000006
0.0
0.0
0.0
0.0
0.0
0.0
0.0
0.0
0.0
0.0
0.3333333333333333
0.0
0.0
0.0
0.28571428571428575
0.0
0.0
0.2
0.0
0.0
0.33333333333333326
0.33333333333333337
0.0
0.0
0.25000000000000006
0.0
0.0
0.0
0.0
0.0
0.0
0.28571428571428575
0.0
0.35714285714285715
0.16666666666666669
0.27272727272727276
0.3333333333333333
0.0
0.0
0.3055555555555556
0.0
0.0
0.0
0.0
0.0
0.0
0.0
0.0
0.0
0.0
0.0
0.3333333333333333
0.0
0.0
0.38591774183491684
0.0
0.34965034965034963
0.0
0.0
0.3333333333333333
0.25
0.25
0.36936936936936937
0.3785188533057851
0.3779871881752739
0.37500000000000006
0.0
0.33333333333333337
0.375
0.3333333333333333
0.0
0.37500000000000006
0.0
0.0
0.0
0.0
0.0
0.375
0.0
0.0
0.37499999999999994
0.0
0.3797218937525062
0.0
0.0
0.0
0.0
0.0
0.0
0.0
0.0
0.0
0.25
0.0
0.33333333333333337
0.3333333333333333
0.375
0.0
0.0
0.0
0.3636363636363636
0.0
0.25
0.25
0.36666666666666664
0.3181818181818181
0.0
0.0
0.0
0.0
0.3333333333333333
0.37708437782058013
0.37837837837837834
0.0
0.3333333333333333
0.25
0.0
0.3333333333333333
0.0
0.0
0.0
0.25
0.0
0.0
0.3333333333333333
0.3333333333333333
0.25
0.0
0.3333333333333333
0.3774577954319763
0.0
0.0
0.3758865248226951
0.3333333333333333
0.3333333333333333
0.375
0.25
0.0
0.25
0.25
0.0
0.0
0.3333333333333333
0.25
0.3741007194244607
0.0
0.0
0.0
0.3702721809826796
0.375
0.0
0.35714285714285715
0.375
0.37709566074950723
0.0
0.0
0.0
0.3333333333333333
0.37499999999999994
0.0
0.27272727272727276
0.0
0.0
0.2964285714285713
0.0
0.37837837837837834
0.0
0.0
0.28125
0.0
0.14285714285714288
0.0
0.0
0.0
0.2
0.3750000000000001
0.2
0.3333333333333333
0.0
0.0
0.37499999999999994
0.3333333333333333
0.0
0.0
0.3333333333333333
0.0
0.0
0.0
0.0
0.0
0.28571428571428575
0.0
0.36363636363636365
0.2
0.0
0.3333333333333333
0.37499999999999994
0.37254901960784326
0.375
0.0
0.379310344827586
0.0
0.37878787878787873
0.0
0.35714285714285715
0.0
0.14285714285714285
0.3783783783783785
0.32000000000000006
0.3333333333333333
0.3333333333333333
0.25
0.3333333333333333
0.0
0.3
0.33333333333333337
0.28571428571428575
0.37500000000000006
0.37610479797979773
0.1
0.0
0.0
0.33333333333333337
0.0
0.28571428571428575
0.0
0.3333333333333333
0.0
0.3333333333333333
0.3333333333333333
0.0
0.0
0.3636363636363636
0.33333333333333337
0.0
0.28571428571428575
0.0
0.0
0.28571428571428575
0.25
0.0
0.0
0.0
0.0
0.28571428571428575
0.33333333333333337
0.0
0.0
0.28571428571428575
0.3478260869565217
0.0
0.0
0.25000000000000006
0.37706952975125335
0.33333333333333337
0.35714285714285715
0.0
0.15873015873015875
0.0
0.0
0.0
0.0
0.0
0.0
0.33333333333333337
0.0
0.0
0.37607963694920216
0.37500000000000006
0.0
0.3636363636363636
0.0
0.0
0.3333333333333333
0.0
0.3733333333333333
0.0
0.25
0.0
0.28571428571428575
0.0
0.3333333333333333
0.0
0.0
0.0
0.33333333333333337
0.3769399546551597
0.0
0.0
0.3333333333333333
0.3333333333333333
0.0
0.33333333333333337
0.0
0.0
0.36363636363636365
0.0
0.33333333333333337
0.0
0.25
0.3571428571428571
0.0
0.3571428571428571
0.3333333333333333
0.3333333333333333
0.0
0.3333333333333333
0.38045198510574824
0.3791064719542826
0.2
0.0
0.0
0.0
0.3695652173913043
0.3333333333333333
0.0
0.2
0.0
0.3684210526315788
0.3333333333333333
0.0
0.3333333333333333
0.0
0.3294853294853295
0.3333333333333333
0.3333333333333333
0.37500000000000006
0.0
0.0
0.0
0.0
0.0
0.0
0.0
0.3333333333333333
0.0
0.25
0.3666216824111559
0.0
0.3333333333333333
0.28571428571428575
0.0
0.3333333333333333
0.0
0.0
0.375
0.3333333333333333
0.0
0.0
0.36363636363636365
0.0
0.0
0.0
0.3333333333333333
0.33333333333333337
0.37499999999999994
0.3333333333333333
0.0
0.3571428571428571
0.0
0.0
0.0
0.0
0.33333333333333337
0.0
0.37853911383561845
0.2222222222222222
0.0
0.25
0.0
0.0
0.0
0.25
0.33333333333333337
0.3333333333333333
0.33333333333333337
0.0
0.3333333333333333
0.0
0.0
0.33333333333333337
0.3333333333333333
0.3333333333333333
0.3333333333333333
0.3333333333333333
0.375
0.3333333333333333
0.375
0.2
0.37500000000000006
0.0
0.0
0.33333333333333337
0.0
0.0
0.0
0.0
0.0
0.3333333333333333
0.3333333333333333
0.0
0.3333333333333333
0.33333333333333337
0.3733333333333334
0.0
0.0
0.33333333333333326
0.36842105263157876
0.3333333333333333
0.3333333333333333
0.0
0.0
0.0
0.0
0.0
0.3783783783783782
0.28571428571428575
0.37499999999999994
0.0
0.28571428571428575
0.35555555555555557
0.36363636363636365
0.0
0.3333333333333333
0.0
0.3333333333333333
0.16666666666666669
0.35714285714285726
0.0
0.0
0.0
0.3333333333333333
0.0
0.0
0.33333333333333337
0.3333333333333333
0.3333333333333333
0.28571428571428575
0.3571428571428571
0.28571428571428575
0.0
0.0
0.0
0.3333333333333333
0.3333333333333333
0.3793103448275862
0.0
0.0
0.0
0.16666666666666669
0.3333333333333333
0.0
0.0
0.0
0.33333333333333337
0.0
0.2
0.25
0.0
0.3333333333333333
0.0
0.35999999999999993
0.3333333333333333
0.3333333333333333
0.3333333333333333
0.375
0.0
0.3571428571428571
0.0
0.0
0.0
0.37500000000000006
0.3333333333333333
0.3791208791208794
0.25
0.0
0.0
0.28571428571428575
0.25
0.25
0.3333333333333333
0.0
0.25
0.37500000000000006
0.3333333333333333
0.3333333333333333
0.3333333333333333
0.0
0.0
0.25
0.0
0.25
0.3333333333333333
0.25
0.3333333333333333
0.25
0.25
0.3333333333333333
0.0
0.25
0.0
0.3499999999999999
0.3333333333333333
0.0
0.25
0.3676470588235292
0.33333333333333337
0.0
0.3333333333333333
0.25
0.37974683544303783
0.0
0.0
0.0
0.0
0.0
0.3333333333333333
0.0
0.34999999999999987
0.0
0.3333333333333333
0.3804291324834084
0.0
0.37931034482758624
0.25
0.35714285714285715
0.0
0.38002487337149543
0.37499999999999994
0.0
0.0
0.0
0.0
0.0
0.25
0.0
0.3529411764705882
0.2
0.2
0.0
0.0
0.25
0.25
0.0
0.0
0.0
0.3333333333333333
0.3529411764705882
0.3777777777777777
0.0
0.0
0.33333333333333337
0.0
0.3333333333333333
0.0
0.0
0.0
0.0
0.0
0.35999999999999993
0.33333333333333337
0.0
0.3333333333333333
0.25
0.33333333333333337
0.0
0.0
0.3333333333333333
0.375
0.0
0.2
0.35714285714285715
0.0
0.0
0.0
0.0
0.0
0.3333333333333333
0.3333333333333333
0.3333333333333333
0.0
0.0
