0.0
0.0
0.0
0.0
0.0
0.0
0.2
0.0
0.0
0.3333333333333333
0.33333333333333337
0.0
0.0
0.0
0.0
0.3658536585365854
0.0
0.0
0.3333333333333333
0.0
0.0
0.33333333333333337
0.0
0.3529411764705883
0.3333333333333333
0.2727272727272727
0.0
0.36458333333333337
0.0
0.0
0.3333333333333333
0.37500000000000006
0.0
0.3333333333333333
0.0
0.3333333333333333
0.0
0.36363636363636365
0.0
0.36363636363636365
0.0
0.25
0.25
0.25
0.28571428571428575
0.0
0.3333333333333333
0.3333333333333333
0.3333333333333333
0.3333333333333333
0.3333333333333333
0.3333333333333333
0.3333333333333333
0.3333333333333333
0.0
0.0
0.0
0.0
0.0
0.3333333333333333
0.0
0.0
0.0
0.0
0.3661971830985916
0.0
0.3461538461538461
0.33333333333333337
0.0
0.0
0.0
0.0
0.0
0.3333333333333333
0.0
0.33333333333333337
0.0
0.0
0.37961877295684127
0.0
0.0
0.3333333333333333
0.0
0.0
0.3928571428571427
0.3333333333333333
0.0
0.3333333333333333
0.0
0.3333333333333333
0.3928237961851409
0.3333333333333333
0.0
0.25000000000000006
0.0
0.0
0.0
0.3333333333333333
0.37499999999999994
0.3333333333333333
0.0
0.3
0.3333333333333333
0.0
0.22222222222222227
0.3333333333333333
0.25000000000000006
0.3823129251700681
0.31250000000000006
0.3333333333333333
0.3333333333333333
0.0
0.38461538461538464
0.3333333333333333
0.0
0.3333333333333333
0.0
0.25000000000000006
0.33333333333333337
0.0
0.25
0.0
0.25
0.38814814814814813
0.28571428571428575
0.37931034482758624
0.0
0.0
0.25
0.3333333333333333
0.25
0.37500000000000006
0.39130434782608686
0.25
0.0
0.3333333333333333
0.0
0.3333333333333333
0.0
0.3333333333333333
0.33333333333333326
0.3333333333333333
0.0
0.3333333333333333
0.0
0.0
0.3333333333333333
0.3333333333333333
0.0
0.3214285714285713
0.0
0.0
0.0
0.0
0.0
0.0
0.0
0.0
0.39240506329113906
0.3333333333333333
0.3333333333333333
0.0
0.0
0.3636363636363636
0.0
0.3333333333333333
0.2692307692307692
0.0
0.3333333333333333
0.3333333333333333
0.3333333333333333
0.37500000000000006
0.33333333333333337
0.0
0.3333333333333333
0.0
0.0
0.0
0.33333333333333337
0.0
0.3333333333333333
0.3333333333333333
0.0
0.33333333333333337
0.0
0.0
0.0
0.0
0.0
0.3333333333333333
0.3333333333333333
0.0
0.38095238095238093
0.0
0.0
0.0
0.0
0.0
0.0
0.0
0.0
0.0
0.3499999999999999
0.0
0.38961038961038935
0.0
0.0
0.0
0.0
0.0
0.0
0.0
0.37724014336917555
0.0
0.35714285714285715
0.0
0.0
0.0
0.0
0.0
0.25
0.0
0.37500000000000006
0.3333333333333333
0.39130434782608686
0.0
0.0
0.3333333333333333
0.37500000000000006
0.3809523809523808
0.0
0.0
0.25
0.0
0.0
0.39129594744722995
0.0
0.0
0.2
0.0
0.375
0.375
0.0
0.0
0.3333333333333333
0.0
0.0
0.0
0.0
0.0
0.2727272727272727
0.0
0.3809523809523808
0.0
0.0
0.37848383500557414
0.37500000000000006
0.3333333333333333
0.3859649122807015
0.0
0.3333333333333333
0.38775510204081626
0.0
0.0
0.25000000000000006
0.3529411764705882
0.3333333333333333
0.3863144798545316
0.0
0.0
0.368421052631579
0.33333333333333337
0.0
0.0
0.3333333333333333
0.3333333333333333
0.0
0.3333333333333333
0.3333333333333333
0.3316326530612246
0.3333333333333333
0.35714285714285715
0.3809523809523808
0.3333333333333333
0.0
0.0
0.0
0.3
0.34605911330049244
0.0
0.3333333333333333
0.18181818181818185
0.0
0.33333333333333337
0.3809523809523809
0.3333333333333333
0.3333333333333333
0.0
0.3333333333333333
0.0
0.0
0.0
0.3333333333333333
0.0
0.39024390243902435
0.0
0.0
0.0
0.0
0.3333333333333333
0.0
0.0
0.0
0.3333333333333333
0.30000000000000004
0.25
0.0
0.0
0.0
0.3333333333333333
0.0
0.0
0.0
0.3333333333333333
0.3333333333333333
0.33333333333333337
0.0
0.3846153846153846
0.0
0.0
0.0
0.0
0.3333333333333333
0.3333333333333333
0.0
0.3333333333333333
0.3333333333333333
0.3333333333333333
0.0
0.0
0.0
0.3333333333333333
0.25000000000000006
0.0
0.0
0.0
0.3333333333333333
0.0
0.0
0.3636363636363637
0.0
0.3333333333333333
0.33333333333333337
0.3333333333333333
0.3927641429465077
0.0
0.0
0.3333333333333333
0.0
0.3333333333333333
0.0
0.3636363636363637
0.0
0.3333333333333333
0.3333333333333333
0.3333333333333333
0.38934169278996844
0.0
0.3333333333333333
0.3333333333333333
0.3333333333333333
0.0
0.38876356214416136
0.37500000000000006
0.3333333333333333
0.0
0.0
0.3333333333333333
0.3252818035426731
0.3499999999999998
0.0
0.3333333333333333
0.0
0.3333333333333333
0.3333333333333333
0.3333333333333333
0.0
0.0
0.3846153846153846
0.3333333333333333
0.0
0.3333333333333333
0.3333333333333333
0.3333333333333333
0.3333333333333333
0.3333333333333333
0.39154356346095887
0.33333333333333337
0.0
0.0
0.3913043478260868
0.0
0.38888888888888884
0.38666666666666677
0.0
0.3333333333333333
0.33333333333333337
0.0
0.0
0.3333333333333333
0.3333333333333333
0.3333333333333333
0.0
0.3846153846153846
0.3809523809523809
0.3333333333333333
0.0
0.33333333333333326
0.3333333333333333
0.28571428571428575
0.25
0.39559189273120876
0.25
0.25
0.3636363636363636
0.3333333333333333
0.3333333333333333
0.0
0.39285714285714274
0.3333333333333333
0.0
0.33333333333333337
0.3333333333333333
0.0
0.0
0.0
0.0
0.0
0.2222222222222222
0.3333333333333333
0.3333333333333333
0.3333333333333333
0.3333333333333333
0.3333333333333333
0.388653535190125
0.25
0.0
0.0
0.3333333333333333
0.0
0.37500000000000006
0.0
0.0
0.38541646300266985
0.0
0.38359788359788355
0.0
0.3333333333333333
0.33333333333333337
0.3333333333333333
0.0
0.0
0.3333333333333333
0.3333333333333333
0.0
0.0
0.3333333333333333
0.3333333333333333
0.3333333333333333
0.0
0.375
0.0
0.3920972644376901
0.0
0.37735849056603765
0.0
0.31746031746031744
0.33333333333333337
0.0
0.27272727272727276
0.3333333333333333
0.0
0.0
0.0
0.0
0.3333333333333333
0.0
0.0
0.0
0.0
0.3888888888888889
0.0
0.33333333333333337
0.3333333333333333
0.3333333333333333
0.0
0.3846153846153846
0.0
0.3333333333333333
0.3846153846153845
0.0
0.0
0.0
0.3333333333333333
0.3
0.0
0.3333333333333333
0.0
0.0
0.3333333333333333
0.3333333333333333
0.14285714285714288
0.0
0.0
0.3333333333333333
0.0
0.16666666666666669
0.16666666666666669
0.3333333333333333
0.0
0.0
0.0
0.38461538461538464
0.0
0.0
0.0
0.0
0.30000000000000004
0.0
0.3333333333333333
0.0
0.0
0.38461538461538464
0.0
0.0
0.0
0.3800000000000001
0.33333333333333337
0.33333333333333337
0.37499999999999994
0.3917910631185686
0.0
0.0
0.0
0.0
0.0
0.25
0.0
0.0
0.0
0.0
0.14285714285714288
0.38888888888888884
0.2
0.0
0.0
0.0
0.0
0.0
0.33333333333333337
0.0
0.0
0.0
0.0
0.0
0.3809523809523808
0.0
0.0
0.0
0.0
0.0
0.0
0.0
0.0
0.3333333333333333
0.0
0.25
0.0
0.0
0.16666666666666669
0.0
0.0
0.3333333333333333
0.25
0.16666666666666669
0.3
0.3333333333333333
0.37500000000000006
0.35
0.25
0.38703296703296686
0.36842105263157887
0.0
0.3913043478260869
0.0
0.38888888888888884
0.0
0.25
0.25
0.33333333333333326
0.3684210526315788
0.25
0.0
0.0
0.0
0.3333333333333333
0.33333333333333337
0.33333333333333337
0.3333333333333333
0.375
0.25
0.0
0.0
0.1875
0.33333333333333337
0.25
0.3333333333333333
0.3809523809523808
0.3333333333333333
0.0
0.0
0.33333333333333337
0.0
0.0
0.0
0.0
0.0
0.25
0.3333333333333333
0.0
0.39285714285714285
0.3636363636363637
0.3333333333333333
0.0
0.0
0.0
0.33333333333333337
0.3636363636363637
0.0
0.0
0.0
0.3809523809523809
0.38596491228070184
0.3333333333333333
0.25
0.0
0.39024390243902435
0.16666666666666666
0.0
0.0
0.25
0.0
0.0
0.33333333333333337
0.0
0.3333333333333333
0.0
0.3761467889908256
0.0
0.0
0.39192328717201164
0.25
0.0
0.0
0.3333333333333333
0.3333333333333333
0.28571428571428575
0.0
0.28571428571428575
0.39083727804285584
0.39375735307239385
0.0
0.0
0.0
0.33333333333333337
0.25
0.0
0.0
0.0
0.3333333333333333
0.3333333333333333
0.0
0.375
0.3846153846153845
0.375
0.0
0.0
0.0
0.16666666666666669
0.0
0.3333333333333333
0.3333333333333333
0.3333333333333333
0.0
0.375
0.3333333333333333
0.0
0.3333333333333333
0.3333333333333333
0.3933649289099526
0.3636363636363636
0.0
0.2
0.3749999999999999
0.0
0.0
0.0
0.2222222222222222
0.3333333333333333
0.0
0.25
0.3809523809523809
0.3636363636363636
0.0
0.25
0.3333333333333333
0.0
0.0
0.36363636363636365
0.3333333333333333
0.33333333333333337
0.0
0.0
0.2
0.0
0.33333333333333337
0.3333333333333333
0.0
0.0
