0.06795229210320586
0.01064525372050474
0.0017574340353932105
-0.009609312575143367
-0.008560646709598546
-9.975332072656704E-4
0.004378050474374576
-0.0022068729584678497
-0.020051486917946035
-0.0068724632150521815
0.019891695492617493
0.052778434807163356
0.06267691269128005
0.059765838849145665
0.06167774662720223
0.0611216128525826
0.05615034452909864
0.053677215716005804
0.05386599099319287
0.04278043064305116
-0.04800539328335604
0.07878597186530868
-0.01777299581854928
0.24294545082227165